    1  -18.62   47.45 1979 01 02 22 1001.05
    1  -18.15   47.29 1979 01 02 23 1001.01
    1  -17.86   47.51 1979 01 03 00  999.04
    1  -17.57   47.66 1979 01 03 01  997.31
    1  -17.26   47.72 1979 01 03 02  995.72
    1  -16.95   47.75 1979 01 03 03  994.17
    1  -16.22   47.60 1979 01 03 04  993.61
    1  -15.49   47.53 1979 01 03 05  991.67
    1  -14.71   47.47 1979 01 03 06  989.76
    1  -14.33   47.62 1979 01 03 07  988.36
    1  -14.01   47.74 1979 01 03 08  986.90
    1  -13.86   47.85 1979 01 03 09  986.26
    1  -13.79   47.88 1979 01 03 10  985.44
    1  -13.73   47.79 1979 01 03 11  985.63
    1  -13.60   47.59 1979 01 03 12  985.80
    1  -13.40   47.32 1979 01 03 13  984.49
    1  -13.03   47.04 1979 01 03 14  983.89
    1  -12.54   46.74 1979 01 03 15  983.67
    1  -11.87   46.48 1979 01 03 16  983.63
    1  -10.99   46.33 1979 01 03 17  983.85
    1  -10.04   46.26 1979 01 03 18  983.95
    1   -9.09   46.22 1979 01 03 19  983.54
    1   -8.38   46.17 1979 01 03 20  983.36
    1   -7.79   46.21 1979 01 03 21  983.38
    1   -7.30   46.28 1979 01 03 22  984.87
    1   -6.79   46.33 1979 01 03 23  984.68
    1   -6.34   46.32 1979 01 04 00  984.22
    1   -5.89   46.31 1979 01 04 01  984.16
    1   -5.48   46.34 1979 01 04 02  983.25
    1   -5.01   46.39 1979 01 04 03  983.02
    1   -4.61   46.43 1979 01 04 04  982.96
    1   -4.27   46.43 1979 01 04 05  982.64
    1   -3.99   46.43 1979 01 04 06  982.80
    1   -3.71   46.44 1979 01 04 07  982.84
    1   -3.45   46.44 1979 01 04 08  983.21
    1   -3.16   46.41 1979 01 04 09  983.81
    1   -2.88   46.35 1979 01 04 10  984.87
    1   -2.56   46.31 1979 01 04 11  985.56
    1   -2.27   46.37 1979 01 04 12  985.71
    1   -2.02   46.44 1979 01 04 13  985.99
    1   -1.80   46.53 1979 01 04 14  986.66
    1   -1.65   46.61 1979 01 04 15  987.99
    1   -1.48   46.70 1979 01 04 16  988.75
    1   -1.42   46.80 1979 01 04 17  990.10
    1   -1.38   46.87 1979 01 04 18  991.31
    1   -1.45   46.94 1979 01 04 19  991.60
    1   -1.57   47.00 1979 01 04 20  992.56
    1   -1.75   47.03 1979 01 04 21  993.84
    1   -1.93   47.02 1979 01 04 22  995.08
    1   -2.13   46.96 1979 01 04 23  996.45
    1   -2.42   46.77 1979 01 05 00  997.15
    1   -2.69   46.62 1979 01 05 01  997.97
    1   -2.98   46.47 1979 01 05 02  998.44
    1   -3.12   46.40 1979 01 05 03  999.57
    1   -3.26   46.27 1979 01 05 04 1000.42
    1   -3.42   46.12 1979 01 05 05 1001.42
    1   -3.55   45.98 1979 01 05 06 1002.53
    1   -3.75   45.88 1979 01 05 07 1003.59
    1   -3.84   45.73 1979 01 05 08 1004.88
    1   -4.00   45.57 1979 01 05 09 1006.17
    1   -4.09   45.38 1979 01 05 10 1008.11
    1   -4.18   45.32 1979 01 05 11 1008.96
    1   -4.52   45.32 1979 01 05 12 1009.20
    1   -4.92   45.26 1979 01 05 13 1009.38
    1   -5.15   44.93 1979 01 05 14 1010.14
    1   -5.08   44.45 1979 01 05 15 1010.86
    1   -4.98   44.09 1979 01 05 16 1011.63
    1   -5.24   43.91 1979 01 05 17 1012.57
    1   -5.85   43.83 1979 01 05 18 1013.34
    1   -6.54   43.76 1979 01 05 19 1014.28
    1   -7.25   44.18 1979 01 05 20 1015.25
    2   26.92   37.98 1979 01 05 23 1016.08
    2   27.56   37.23 1979 01 06 00 1017.06
    2   28.80   37.07 1979 01 06 01 1018.51
    2   29.53   36.81 1979 01 06 02 1018.62
    2   29.31   36.86 1979 01 06 03 1018.64
    2   29.07   36.65 1979 01 06 04 1018.36
    2   29.47   36.58 1979 01 06 05 1018.37
    2   30.11   36.42 1979 01 06 06 1016.99
    2   30.64   36.38 1979 01 06 07 1018.64
    2   31.33   36.31 1979 01 06 08 1018.26
    2   31.91   36.30 1979 01 06 09 1018.31
    2   32.40   36.18 1979 01 06 10 1017.99
    2   32.61   36.10 1979 01 06 11 1016.83
    2   32.87   35.96 1979 01 06 12 1016.24
    2   33.06   35.88 1979 01 06 13 1015.57
    2   33.28   35.77 1979 01 06 14 1015.90
    2   33.53   35.67 1979 01 06 15 1016.11
    2   33.80   35.60 1979 01 06 16 1016.74
    2   34.01   35.57 1979 01 06 17 1017.04
    2   34.43   35.51 1979 01 06 18 1017.21
    2   34.64   35.47 1979 01 06 19 1017.24
    2   34.92   35.39 1979 01 06 20 1017.25
    2   34.54   35.34 1979 01 06 21 1017.29
    2   35.29   35.15 1979 01 06 22 1016.97
    2   35.53   34.97 1979 01 06 23 1017.58
    2   35.81   34.92 1979 01 07 00 1018.02
    2   34.57   35.10 1979 01 07 01 1018.21
    2   33.56   35.28 1979 01 07 02 1017.92
    2   32.89   35.34 1979 01 07 03 1017.90
